446                    -734.939140259874
1216                   -734.939140259874
1548                   -245.702139109377
92                     -162.404616558566
896                    -162.404616558566
674                    -83.9603187872708
1322                   -83.9603187872708
157                    -47.8064040137668
1066                   -47.8064040137668
94                     -40.6220331963426
1346                   -40.6220331963426
262                    -37.8181818181818
1177                   -37.8181818181818
282                    -25.9581503592027
998                    -25.9581503592027
472                    -25.1191248216833
217                    -24.7020274839097
922                    -24.7020274839097
330                    -23.3992103193511
984                    -23.3992103193511
408                    -20.9357481673135
846                    -20.9357481673135
2056                   -17.7588769962623
274                    -17.4666871354007
1020                   -17.4666871354007
156                    -13.1989806816319
1331                   -13.1989806816319
686                    -13.055884770757
611                    -11.168691922802
263                    -11.0094366599943
953                    -11.0094366599943
409                    -10.6405163125142
1152                   -10.6405163125142
121                    -10.0406995230524
1035                   -10.0406995230524
429                    -9.42290901697186
1158                   -9.42290901697186
360                    -8.48568429454763
1100                   -8.48568429454763
418                    -7.84603467185477
1032                   -7.84603467185477
208                    -7.18087434501182
1292                   -7.18087434501182
379                    -6.9472577536359
905                    -6.9472577536359
604                    -5.23356688126865
4061                   -5.23356688126865
67                     -5.01853844556455
1165                   -5.01853844556455
607                    -4.20014331809257
1252                   -4.20014331809257
254                    -4.08727418820718
903                    -4.08727418820718
311                    -4.06636304489265
1097                   -4.06636304489265
743                    -3.74863209591575
1546                   -3.74863209591575
120                    -3.742676183774
954                    -3.742676183774
178                    -3.16061104689035
1357                   -3.16061104689035
36                     -2.9859288265416
1206                   -2.9859288265416
303                    -2.9119833832936
1145                   -2.9119833832936
237                    -2.5905794701143
921                    -2.5905794701143
132                    -2.51983201119925
902                    -2.51983201119925
29                     -2.391276376737
1065                   -2.391276376737
38                     -2.31403044341496
852                    -2.31403044341496
299                    -2.30120173868575
1134                   -2.30120173868575
4                      -2.21397653252721
1361                   -2.21397653252721
118                    -2.177152455722
1235                   -2.177152455722
403                    -2.1111300569406
1293                   -2.1111300569406
139                    -1.70686494194337
1090                   -1.70686494194337
189                    -1.68809610893847
1101                   -1.68809610893847
381                    -1.65806589477236
1068                   -1.65806589477236
187                    -1.6504854368932
1337                   -1.6504854368932
261                    -1.55670867309118
1088                   -1.55670867309118
97                     -1.29007801504376
1304                   -1.29007801504376
714                    -1.27198281292997
1125                   -1.27198281292997
278                    -1.22181342252599
1347                   -1.22181342252599
141                    -1.21492609643809
1108                   -1.21492609643809
37                     -1.12239744093383
1356                   -1.12239744093383
300                    -1.10388418079096
1067                   -1.10388418079096
241                    -1.05340037641507
840                    -1.05340037641507
76                     -1.04707012487992
950                    -1.04707012487992
1882                   -1.0191498252158
81                     -1.01043372021991
1082                   -1.01043372021991
170                    -0.944924599765931
1103                   -0.944924599765931
84                     -0.863049973727371
938                    -0.863049973727371
631                    -0.850993373363058
1258                   -0.850993373363058
575                    -0.832606256960222
1332                   -0.832606256960222
281                    -0.72884833947941
1024                   -0.72884833947941
212                    -0.725910746812386
898                    -0.725910746812386
69                     -0.706742774691701
1215                   -0.706742774691701
169                    -0.689708452387169
842                    -0.689708452387169
153                    -0.683735147433982
999                    -0.683735147433982
49                     -0.674974039460021
1243                   -0.674974039460021
54                     -0.653100079996121
1073                   -0.653100079996121
102                    -0.636283426089316
1079                   -0.636283426089316
95                     -0.574327558150664
1168                   -0.574327558150664
72                     -0.568137362195221
996                    -0.568137362195221
173                    -0.53563907663304
915                    -0.53563907663304
155                    -0.462970160481444
906                    -0.462970160481444
93                     -0.462314373774167
958                    -0.462314373774167
171                    -0.416651375951047
1183                   -0.416651375951047
125                    -0.399924084266464
1188                   -0.399924084266464
190                    -0.346051385271134
1131                   -0.346051385271134
269                    -0.345251862309264
1237                   -0.345251862309264
100                    -0.327339680399481
1089                   -0.327339680399481
289                    -0.320185614849188
1208                   -0.320185614849188
443                    -0.256620144886015
971                    -0.256620144886015
70                     -0.250218099665465
1242                   -0.250218099665465
368                    -0.240525594297906
1155                   -0.240525594297906
202                    -0.208389674102813
924                    -0.208389674102813
154                    -0.202484484626366
845                    -0.202484484626366
161                    -0.166789392904353
1099                   -0.166789392904353
192                    -0.165829536039768
1121                   -0.165829536039768
286                    -0.156533494610267
948                    -0.156533494610267
233                    -0.150965635491853
1222                   -0.150965635491853
131                    -0.145246052504117
1321                   -0.145246052504117
175                    -0.13852363968418
1070                   -0.13852363968418
641                    -0.135381656294763
1251                   -0.135381656294763
209                    -0.133497460080792
1063                   -0.133497460080792
75                     -0.123669173238162
1231                   -0.123669173238162
260                    -0.121915824982116
1057                   -0.121915824982116
244                    -0.113120708298291
989                    -0.113120708298291
256                    -0.0962292293453862
843                    -0.0962292293453862
77                     -0.0938307649407069
1233                   -0.0938307649407069
71                     -0.0856803678584669
1136                   -0.0856803678584669
271                    -0.078776900160715
937                    -0.078776900160715
257                    -0.0685498847640997
1034                   -0.0685498847640997
211                    -0.0664009759819739
1157                   -0.0664009759819739
201                    -0.0612343109182242
985                    -0.0612343109182242
349                    -0.0558847335339625
1167                   -0.0558847335339625
130                    -0.049685326266976
1354                   -0.049685326266976
146                    -0.0484381113665264
1107                   -0.0484381113665264
82                     -0.0314111926348771
1147                   -0.0314111926348771
68                     -0.0275128650718563
881                    -0.0275128650718563
86                     -0.000109599050141566
892                    -0.000109599050141566
85                     -8.88086321990498e-05
855                    -8.88086321990498e-05
80                     -5.67165952757777e-05
943                    -5.67165952757777e-05
15706                  9.90962983851834e-07
15686                  2.23431336976054e-06
15715                  0.00144767677902855
15707                  0.0027137271172499
239                    0.0150729069957949
895                    0.0150729069957949
658                    0.0254379021989745
5                      0.0449488033130265
1040                   0.0449488033130265
329                    0.0452563224311733
4741                   0.0564759036144577
715                    0.0704871797498182
511                    0.212786506523058
39                     0.248591315876698
1128                   0.248591315876698
4605                   0.250197030161252
7585                   0.250891120062351
7833                   0.265533722782793
709                    0.27073772692147
596                    0.328975907145788
5177                   0.338389844437354
2030                   0.347727392851281
2052                   0.350561072997332
466                    0.357732955076847
1335                   0.357732955076847
642                    0.365123411713159
6153                   0.380136114071246
310                    0.400336282477281
877                    0.400336282477281
574                    0.403717317694052
15247                  0.439396160384093
46                     0.448844575876941
1141                   0.448844575876941
553                    0.453943566643682
524                    0.462807461798426
1281                   0.462807461798426
412                    0.472179677443743
1204                   0.472179677443743
2868                   0.495642885996353
734                    0.497260851243152
1323                   0.497260851243152
151                    0.504389972234628
1193                   0.504389972234628
705                    0.504737552581302
2910                   0.513079245089403
654                    0.560060934629688
231                    0.567513763580414
1055                   0.567513763580414
2538                   0.572109381592667
593                    0.572562791052753
1353                   0.572562791052753
477                    0.576025162982413
4471                   0.581216253131303
711                    0.608863774741767
471                    0.611002123733949
805                    0.654018886103376
677                    0.660772575295035
1289                   0.660772575295035
597                    0.674913206161688
1362                   0.674913206161688
536                    0.680473959353694
5743                   0.680473959353694
497                    0.683416790718203
5731                   0.683416790718203
193                    0.700095534083899
1156                   0.700095534083899
1775                   0.708261482477582
452                    0.719507281413688
908                    0.719507281413688
1570                   0.725520924023449
1956                   0.725520924023449
462                    0.780352163043997
1246                   0.780352163043997
2974                   0.798766704208702
119                    0.807488323718839
994                    0.807488323718839
601                    0.809435317686497
1288                   0.809435317686497
5191                   0.821358834152317
2761                   0.835416459746384
688                    0.841454880608988
2880                   0.844922858543015
814                    0.848907521320636
215                    0.86644191688459
1175                   0.86644191688459
785                    0.87766029807099
242                    0.887637824705663
1190                   0.887637824705663
2009                   0.888335620304033
305                    0.892058867848714
1028                   0.892058867848714
18                     0.896043620172441
1013                   0.896043620172441
1883                   0.906804113988904
4180                   0.910980349816453
4598                   0.923117499670319
5110                   0.990125745969738
4266                   0.99499187423303
556                    0.99518489853193
1263                   0.99518489853193
737                    1.00129133205457
2186                   1.01176707810632
134                    1.01329782880342
1062                   1.01329782880342
2026                   1.0377423951428
538                    1.04483593707166
1255                   1.04483593707166
555                    1.11583896212099
26                     1.13651872844797
1201                   1.13651872844797
573                    1.19410073297315
129                    1.3902981753449
1244                   1.3902981753449
196                    1.39846486143483
1174                   1.39846486143483
28                     1.40662765313905
880                    1.40662765313905
393                    1.64888356482715
1239                   1.64888356482715
83                     1.6667374527084
1014                   1.6667374527084
386                    1.74875070818799
974                    1.74875070818799
367                    1.83992818404734
1166                   1.83992818404734
206                    1.88946498422713
919                    1.88946498422713
388                    1.94660734149054
1033                   1.94660734149054
10                     1.96956095968663
1203                   1.96956095968663
766                    2.02728509984639
1365                   2.02728509984639
621                    2.02803600218989
1376                   2.02803600218989
101                    2.13358141823578
1132                   2.13358141823578
742                    2.15869754422158
294                    2.21628132039745
1087                   2.21628132039745
598                    2.22034174630655
6273                   2.25934347089714
7813                   2.25934347089714
543                    2.28178995496599
1264                   2.28178995496599
602                    2.28677709788019
1314                   2.28677709788019
15684                  2.29457984486975
713                    2.29746790807175
580                    2.38489904857146
1328                   2.38489904857146
579                    2.41718338975012
1329                   2.41718338975012
365                    2.50211975811752
870                    2.50211975811752
1577                   2.50422814867012
4239                   2.50422814867012
444                    2.51627325036629
1181                   2.51627325036629
506                    2.60848853341279
185                    2.61069873298862
1226                   2.61069873298862
229                    2.6415836535018
578                    2.64178318428717
1327                   2.64178318428717
44                     2.67906026039624
1053                   2.67906026039624
15728                  2.7086972299136
480                    2.75272740003891
272                    3.06872580807045
1162                   3.06872580807045
277                    3.13911434680416
176                    3.17712470214456
1004                   3.17712470214456
2894                   3.18590262104529
128                    3.21079571893904
1228                   3.21079571893904
435                    3.28908418739886
952                    3.28908418739886
495                    3.32999158488509
1249                   3.32999158488509
638                    3.40883266419211
1286                   3.40883266419211
321                    3.42461919847215
1179                   3.42461919847215
1569                   3.43636613887415
199                    3.43869394709796
1200                   3.43869394709796
1765                   3.4675172023023
1962                   3.4675172023023
74                     3.47467341218052
1154                   3.47467341218052
731                    3.52316126213729
1377                   3.52316126213729
219                    3.57776017298053
1307                   3.57776017298053
684                    3.58221110704866
1306                   3.58221110704866
2703                   3.59884528671414
32                     3.62504146833863
1043                   3.62504146833863
163                    3.65701339018621
1160                   3.65701339018621
6839                   3.75330683987666
181                    3.77747553095615
1358                   3.77747553095615
2535                   3.83939423750374
308                    3.85488319165127
930                    3.85488319165127
479                    3.8809208547994
2771                   3.8809208547994
482                    3.89157429653329
1885                   3.89157429653329
90                     3.89293354872512
1139                   3.89293354872512
306                    3.92421916836079
1378                   3.92421916836079
87                     3.92477514309076
1022                   3.92477514309076
15212                  3.96626073483425
741                    4.06170614576186
1363                   4.06170614576186
268                    4.07140620106482
1049                   4.07140620106482
6836                   4.10170194880853
15238                  4.10170194880853
127                    4.14523213015669
1019                   4.14523213015669
352                    4.20098190897536
1115                   4.20098190897536
532                    4.21539913952009
4740                   4.21539913952009
450                    4.25243075751472
947                    4.25243075751472
7831                   4.32587554014574
15732                  4.32587554014574
539                    4.41737942640077
1380                   4.41737942640077
396                    4.44780131569392
1000                   4.44780131569392
298                    4.49013827014158
910                    4.49013827014158
214                    4.5008434864105
914                    4.5008434864105
31                     4.5709763958364
923                    4.5709763958364
498                    4.5846079127774
5594                   4.5846079127774
502                    4.59737301727342
4060                   4.59737301727342
401                    4.64203263569158
933                    4.64203263569158
519                    4.70538162492725
1262                   4.70538162492725
15227                  4.73203192292154
337                    4.74202984768234
867                    4.74202984768234
708                    4.7625511483427
1960                   4.7625511483427
172                    4.80565624330859
841                    4.80565624330859
2018                   4.81122390457892
2840                   4.82756091695373
15248                  4.94626028910212
2670                   4.98846773773172
499                    4.99439294918829
1300                   4.99439294918829
437                    4.99723247439198
854                    4.99723247439198
700                    5.0226705464492
1339                   5.0226705464492
461                    5.07341188070207
1247                   5.07341188070207
313                    5.11360808889435
1010                   5.11360808889435
740                    5.11531704409339
2027                   5.11531704409339
1564                   5.18630037310309
7288                   5.18630037310309
474                    5.19154050979593
1310                   5.19154050979593
304                    5.19391529515673
1225                   5.19391529515673
343                    5.19630006707811
1571                   5.1965811965812
623                    5.20418380849502
6074                   5.20418380849502
2192                   5.2397017989392
634                    5.25208842886345
512                    5.25725340586288
1245                   5.25725340586288
701                    5.28325825860655
5220                   5.28325825860655
372                    5.34659616633692
882                    5.34659616633692
2049                   5.35684837230162
15217                  5.35684837230162
698                    5.42813177444259
166                    5.47554219011708
885                    5.47554219011708
56                     5.4804745313862
1199                   5.4804745313862
243                    5.49048316251831
1182                   5.49048316251831
7209                   5.54311442260476
65                     5.61172770481831
887                    5.61172770481831
422                    5.74733086227055
957                    5.74733086227055
58                     5.75198950775118
1017                   5.75198950775118
1768                   5.77736739857435
5652                   5.77736739857435
116                    5.7837457503403
1044                   5.7837457503403
114                    5.86005500287233
869                    5.86005500287233
483                    5.94453258248232
510                    6.0141873166084
1325                   6.0141873166084
428                    6.02077831600334
1230                   6.02077831600334
1953                   6.05781371496591
650                    6.12476027966114
1294                   6.12476027966114
1567                   6.14847484556699
61                     6.15492926731676
1054                   6.15492926731676
246                    6.15629251803375
5600                   6.15629251803375
547                    6.15935154109792
5595                   6.15935154109792
7427                   6.16766529049591
164                    6.25499017252676
1047                   6.25499017252676
22                     6.26648728443059
993                    6.26648728443059
470                    6.30833109000323
1272                   6.30833109000323
678                    6.33195447850959
377                    6.33744975192844
1123                   6.33744975192844
523                    6.34584546232642
1250                   6.34584546232642
478                    6.37931037987798
240                    6.4328936694274
1041                   6.4328936694274
500                    6.6955733562458
5166                   6.69919876621532
5657                   6.69919876621532
2537                   6.73813987211502
5606                   6.73813987211502
571                    6.74990594132014
1534                   6.74990594132014
657                    6.77079282273563
1270                   6.77079282273563
625                    6.78029214389296
1379                   6.78029214389296
389                    6.80688909125356
1117                   6.80688909125356
424                    6.80983220108306
1213                   6.80983220108306
436                    6.81101542965905
1184                   6.81101542965905
64                     6.81454468460375
1186                   6.81454468460375
57                     6.83373897669788
1150                   6.83373897669788
112                    6.84434741563232
976                    6.84434741563232
334                    6.88788794064696
1061                   6.88788794064696
545                    6.97377200095899
1277                   6.97377200095899
25                     6.97986802314006
1072                   6.97986802314006
333                    7.07238210600253
1163                   7.07238210600253
685                    7.08997530402802
5559                   7.2492178149382
6134                   7.2492178149382
699                    7.25030645003704
5744                   7.25030645003704
501                    7.32847068701936
5601                   7.32847068701936
147                    7.33640098389807
865                    7.33640098389807
445                    7.35680317978565
992                    7.35680317978565
457                    7.36823220413013
907                    7.36823220413013
167                    7.3816238422691
913                    7.3816238422691
586                    7.42180644034643
1370                   7.42180644034643
79                     7.44113029827313
894                    7.44113029827313
382                    7.44351450941256
1085                   7.44351450941256
291                    7.4549435126166
1214                   7.4549435126166
247                    7.48705709723894
1118                   7.48705709723894
745                    7.57334419888676
4256                   7.57334419888676
30                     7.57372918061188
1135                   7.57372918061188
533                    7.60266929610958
1341                   7.60266929610958
236                    7.61157537342457
1015                   7.61157537342457
465                    7.62144367226227
1269                   7.62144367226227
5111                   7.65950190229673
5649                   7.65950190229673
716                    7.66277450418882
5753                   7.66277450418882
110                    7.67345158564452
860                    7.67345158564452
2023                   7.67385726339399
5602                   7.67385726339399
570                    7.71768858010299
1348                   7.71768858010299
9                      7.719128444552
995                    7.719128444552
639                    7.73447183900911
1349                   7.73447183900911
494                    7.82263525986608
416                    7.84045116226866
1151                   7.84045116226866
301                    7.84380496598426
1221                   7.84380496598426
1576                   7.87542174575533
4615                   7.87542174575533
270                    7.91264225667219
1302                   7.91264225667219
417                    7.924625724254
1176                   7.924625724254
430                    7.92583301008697
1170                   7.92583301008697
2671                   7.92614063591943
5626                   7.92614063591943
158                    7.95495780117362
1350                   7.95495780117362
645                    7.98357522053571
1254                   7.98357522053571
290                    8.07316534078602
864                    8.07316534078602
525                    8.07400229674065
1330                   8.07400229674065
316                    8.12642283866461
961                    8.12642283866461
17                     8.13972060360377
1086                   8.13972060360377
504                    8.17162440162264
1296                   8.17162440162264
413                    8.17259017034158
959                    8.17259017034158
6874                   8.209291445246
15245                  8.209291445246
42                     8.28791770356319
944                    8.28791770356319
432                    8.29621383098751
1074                   8.29621383098751
103                    8.32318774763122
1036                   8.32318774763122
400                    8.33704926107454
1060                   8.33704926107454
7803                   8.39533722072866
2005                   8.40605748842577
275                    8.43680882352023
980                    8.43680882352023
288                    8.47532342282865
1205                   8.47532342282865
486                    8.47884813559813
5752                   8.47884813559813
59                     8.48362169678441
1189                   8.48362169678441
11                     8.49466515423434
1227                   8.49466515423434
323                    8.51515450651217
1194                   8.51515450651217
5225                   8.6129925994152
5605                   8.6129925994152
544                    8.66413617397836
2028                   8.66413617397836
250                    8.71884306191531
897                    8.71884306191531
530                    8.75517405296072
1285                   8.75517405296072
577                    8.77550614956764
1273                   8.77550614956764
606                    8.79015657565317
1324                   8.79015657565317
520                    8.79993431127101
1280                   8.79993431127101
232                    8.84847331808897
945                    8.84847331808897
378                    8.87070032849146
1021                   8.87070032849146
138                    8.88899263370249
849                    8.88899263370249
2967                   8.91022419706066
7805                   8.91022419706066
200                    8.9144231776825
1083                   8.9144231776825
546                    8.9160007740781
285                    8.91909729961422
888                    8.91909729961422
666                    8.95451517413061
1284                   8.95451517413061
191                    8.97106382449239
1234                   8.97106382449239
569                    8.97971321555842
1271                   8.97971321555842
1892                   9.00807451962458
732                    9.12847681108096
5596                   9.12847681108096
91                     9.13593385452911
1211                   9.13593385452911
4689                   9.1667430388347
23                     9.18146172767346
1143                   9.18146172767346
62                     9.23631921772156
990                    9.23631921772156
673                    9.29883099554411
667                    9.32659839019563
1372                   9.32659839019563
15239                  9.34644975727395
361                    9.35006583092731
983                    9.35006583092731
515                    9.41942014307259
2744                   9.41942014307259
468                    9.42891788585738
1326                   9.42891788585738
1531                   9.44064940941718
765                    9.45221276300785
735                    9.46030837024786
1578                   9.46030837024786
2544                   9.51558061563705
6132                   9.51558061563705
1879                   9.54105098346218
5599                   9.54105098346218
712                    9.55036100264038
1313                   9.55036100264038
2147                   9.58368569518035
4474                   9.58368569518035
728                    9.58735893315599
53                     9.58940806291233
1109                   9.58940806291233
7802                   9.62861314715524
63                     9.63588322199936
1142                   9.63588322199936
6475                   9.65022105995748
8                      9.6629411021708
893                    9.6629411021708
505                    9.66663024838848
4249                   9.66663024838848
1585                   9.7035639437032
14860                  9.7035639437032
293                    9.74114684610327
884                    9.74114684610327
534                    9.74573791887926
4248                   9.74573791887926
4542                   9.78373819396972
514                    9.81039195103758
4303                   9.81039195103758
522                    9.8198858807308
1279                   9.8198858807308
592                    9.850038137755
1278                   9.850038137755
489                    9.85765322717684
1098                   9.85765322717684
21                     9.90379627657005
1224                   9.90379627657005
552                    9.91316726471688
2533                   9.91316726471688
66                     9.92420406493212
1012                   9.92420406493212
473                    9.93470383702706
1367                   9.93470383702706
312                    9.96965478142348
1124                   9.96965478142348
565                    9.97382753330565
1265                   9.97382753330565
453                    10.1078553256584
1045                   10.1078553256584
810                    10.1167038357153
5526                   10.1167038357153
108                    10.118090270777
964                    10.118090270777
351                    10.1599774171306
936                    10.1599774171306
635                    10.1915011945417
5751                   10.1915011945417
595                    10.2809577289329
1297                   10.2809577289329
326                    10.285909266577
1146                   10.285909266577
404                    10.3244317007374
1172                   10.3244317007374
12                     10.4397635579752
966                    10.4397635579752
339                    10.5067072104192
1037                   10.5067072104192
251                    10.5145032537032
861                    10.5145032537032
280                    10.5860838023815
912                    10.5860838023815
703                    10.5965214703117
5597                   10.5965214703117
7836                   10.6119946076409
2051                   10.6519034350083
5563                   10.6519034350083
19                     10.6907511332469
1218                   10.6907511332469
4076                   10.7164668883978
5607                   10.7164668883978
683                    10.7584307761236
1287                   10.7584307761236
322                    10.778317857738
1364                   10.778317857738
302                    10.7959561538805
909                    10.7959561538805
509                    10.8130669144753
2710                   10.8130669144753
362                    10.8427290511068
1129                   10.8427290511068
205                    10.8608548697505
1219                   10.8608548697505
338                    10.8656577144882
1104                   10.8656577144882
696                    10.8693718240727
528                    10.968890579347
5748                   10.968890579347
455                    11.0394922765804
926                    11.0394922765804
656                    11.0458468187717
637                    11.0471817074596
1368                   11.0471817074596
7311                   11.0733260774697
27                     11.0978341140309
969                    11.0978341140309
1551                   11.1165488731831
529                    11.1239361759064
1338                   11.1239361759064
4599                   11.196932994829
4616                   11.2368069831906
5638                   11.2368069831906
647                    11.2448768385915
1275                   11.2448768385915
5115                   11.2635827528889
5651                   11.2635827528889
730                    11.4165968147527
5747                   11.4165968147527
585                    11.4284538934835
1877                   11.4284538934835
358                    11.440058594735
951                    11.440058594735
583                    11.4956179175479
1305                   11.4956179175479
431                    11.5292965713742
879                    11.5292965713742
531                    11.5526135087481
1256                   11.5526135087481
346                    11.5542022329605
1268                   11.5542022329605
2662                   11.5814644128469
4669                   11.5814644128469
410                    11.6192023869782
1080                   11.6192023869782
7792                   11.6374825007299
350                    11.6798438872085
837                    11.6798438872085
230                    11.7981742289472
891                    11.7981742289472
451                    11.8308547774855
889                    11.8308547774855
197                    11.8573396783001
839                    11.8573396783001
7800                   11.8625432862652
126                    11.8698664172342
1144                   11.8698664172342
447                    11.8838641780419
1178                   11.8838641780419
383                    11.9355302934765
1187                   11.9355302934765
20                     11.9404707793524
911                    11.9404707793524
183                    11.94055535715
962                    11.94055535715
78                     11.9457269436907
1006                   11.9457269436907
619                    11.9935078042687
1266                   11.9935078042687
7129                   12.073449110831
284                    12.0979998416377
1274                   12.0979998416377
617                    12.1697981471138
1891                   12.1697981471138
2795                   12.1807706220724
5603                   12.1807706220724
35                     12.2131696226654
920                    12.2131696226654
750                    12.2266015672804
1312                   12.2266015672804
7801                   12.2974835806911
7697                   12.3336053661446
15                     12.3445599532815
1023                   12.3445599532815
584                    12.3473965135427
1375                   12.3473965135427
364                    12.424600674673
1112                   12.424600674673
165                    12.5254987260043
978                    12.5254987260043
419                    12.6266288282391
1192                   12.6266288282391
7536                   12.644474693726
109                    12.7052100449317
1210                   12.7052100449317
203                    12.8155705657196
1236                   12.8155705657196
16                     12.862536199882
1051                   12.862536199882
661                    12.9043539656389
6728                   12.9043539656389
117                    12.9091724235727
932                    12.9091724235727
767                    12.9160519592674
5442                   12.9160519592674
463                    12.9991425060876
1311                   12.9991425060876
296                    13.1559900654315
1075                   13.1559900654315
1553                   13.3369171329841
2081                   13.3369171329841
476                    13.3534619987808
6061                   13.3534619987808
484                    13.3932469626729
1240                   13.3932469626729
314                    13.4772236428212
1148                   13.4772236428212
442                    13.5251115602315
1120                   13.5251115602315
354                    13.5305008182732
986                    13.5305008182732
341                    13.579646693567
1007                   13.579646693567
133                    13.649192566251
997                    13.649192566251
456                    13.6721766845667
1039                   13.6721766845667
369                    13.712292873737
1095                   13.712292873737
622                    13.7131504769477
1381                   13.7131504769477
753                    13.7286198104291
2152                   13.7286198104291
279                    13.7413788289169
853                    13.7413788289169
111                    13.7922845010522
1048                   13.7922845010522
168                    13.84036476518
917                    13.84036476518
145                    13.9088628762542
886                    13.9088628762542
7804                   13.9106925968685
295                    13.9245341885255
925                    13.9245341885255
636                    13.997934800463
1374                   13.997934800463
210                    14.0437885122316
1018                   14.0437885122316
739                    14.1043249609328
1371                   14.1043249609328
366                    14.1606365704327
977                    14.1606365704327
459                    14.2904873325098
1153                   14.2904873325098
115                    14.3734029552272
1196                   14.3734029552272
234                    14.4541767959336
1025                   14.4541767959336
223                    14.5062695659532
838                    14.5062695659532
563                    14.5679527599023
5598                   14.5679527599023
371                    14.6473812442429
988                    14.6473812442429
104                    14.6569684925748
1011                   14.6569684925748
2182                   14.6654116981844
4602                   14.6654116981844
113                    14.7025884021877
858                    14.7025884021877
319                    14.8246235986299
1318                   14.8246235986299
124                    14.8564739777572
965                    14.8564739777572
485                    14.877645048455
5749                   14.877645048455
744                    14.8931459823491
415                    14.9507586421795
873                    14.9507586421795
345                    14.9724935124531
1092                   14.9724935124531
603                    14.9958774220146
492                    15.0168994342784
1373                   15.0168994342784
55                     15.0393042885156
1122                   15.0393042885156
395                    15.0908772298439
1197                   15.0908772298439
440                    15.3526064591291
955                    15.3526064591291
33                     15.4115806872682
1127                   15.4115806872682
15216                  15.6008544782662
226                    15.6067630899575
1081                   15.6067630899575
1771                   15.6290561963911
2701                   15.6290561963911
517                    15.6593551896879
4036                   15.6593551896879
405                    15.7502671077699
901                    15.7502671077699
702                    15.7942286230536
724                    15.8219468041786
1566                   15.8219468041786
599                    15.8358810176742
2867                   15.9649823341515
6133                   15.9649823341515
491                    16.0612913606454
6601                   16.0612913606454
137                    16.1081727225343
1138                   16.1081727225343
225                    16.161347410516
1077                   16.161347410516
591                    16.2049198932535
5685                   16.2049198932535
438                    16.2110079244825
1333                   16.2110079244825
273                    16.2393399768444
1064                   16.2393399768444
589                    16.2900737166426
6519                   16.2900737166426
355                    16.3266969333153
1071                   16.3266969333153
746                    16.3522228160187
1342                   16.3522228160187
373                    16.4056122588739
851                    16.4056122588739
374                    16.5205075111803
1027                   16.5205075111803
14                     16.6190994158446
949                    16.6190994158446
655                    16.6583129845343
1355                   16.6583129845343
344                    16.7223269124992
916                    16.7223269124992
249                    16.7896133141756
1223                   16.7896133141756
2036                   16.9280234182735
5639                   16.9280234182735
5347                   17.1922031543786
426                    17.2319468781703
624                    17.3568636069497
1308                   17.3568636069497
266                    17.3744455942883
1185                   17.3744455942883
772                    17.4353608917535
15719                  17.4353608917535
387                    17.440685571018
1105                   17.440685571018
651                    17.542338902148
4073                   17.569447424584
4473                   17.596608937187
508                    17.6830752997033
4431                   17.6952270857523
6137                   17.6952270857523
43                     17.69862906231
1299                   17.69862906231
561                    17.7699501306558
1772                   17.7699501306558
535                    17.9112787402686
5804                   17.9112787402686
726                    18.080508512246
248                    18.1516722392526
1094                   18.1516722392526
394                    18.1563629079308
1042                   18.1563629079308
749                    18.3390970676015
503                    18.408109108862
4104                   18.408109108862
587                    18.4461094678172
1276                   18.4461094678172
391                    18.4533378042628
1130                   18.4533378042628
2084                   18.5309560020482
6131                   18.5309560020482
220                    18.5578216908231
904                    18.5578216908231
5073                   18.7174185734839
5656                   18.7174185734839
265                    18.9094974589914
1009                   18.9094974589914
507                    18.931510490528
1260                   18.931510490528
106                    19.0107105296663
1096                   19.0107105296663
4081                   19.1020405736261
6135                   19.1020405736261
207                    19.1080002589619
1232                   19.1080002589619
216                    19.1800163039744
1198                   19.1800163039744
188                    19.2448940248261
1111                   19.2448940248261
390                    19.4010827511878
1106                   19.4010827511878
672                    19.4927322999023
2720                   19.4927322999023
380                    19.5063573350829
982                    19.5063573350829
458                    19.7169175571445
871                    19.7169175571445
6274                   19.8741904166611
5306                   20.0307854894663
4101                   20.0693926777089
194                    20.1043272178172
931                    20.1043272178172
149                    20.1215959986826
1030                   20.1215959986826
562                    20.314067505906
2029                   20.314067505906
2025                   20.3539128829827
6493                   20.3539128829827
518                    20.6142095486941
1574                   20.6142095486941
5178                   20.6208537222212
1893                   20.6318658649226
5113                   20.6318658649226
392                    20.6773533859769
1212                   20.6773533859769
48                     20.7503195248478
1164                   20.7503195248478
557                    20.7677981156389
1259                   20.7677981156389
336                    20.802626033686
1253                   20.802626033686
541                    20.8198960306921
5730                   20.8198960306921
549                    20.8523233157943
2719                   20.8523233157943
653                    20.9454502062158
1282                   20.9454502062158
34                     21.1159915527616
878                    21.1159915527616
375                    21.1181978148965
1008                   21.1181978148965
407                    21.1360674215334
857                    21.1360674215334
710                    21.1613445521484
174                    21.2761054207992
883                    21.2761054207992
198                    21.3059440993789
956                    21.3059440993789
89                     21.3912676306744
1320                   21.3912676306744
370                    21.4007400859015
960                    21.4007400859015
5524                   21.4560839551914
5522                   21.4796500294225
588                    21.5785247359693
1382                   21.5785247359693
180                    21.590033764468
1220                   21.590033764468
52                     21.7338538129873
1202                   21.7338538129873
148                    21.7346880128741
1029                   21.7346880128741
725                    21.754400682988
1369                   21.754400682988
267                    21.7961541718835
1091                   21.7961541718835
14797                  21.96850261693
136                    21.9856677238458
1059                   21.9856677238458
629                    22.2444686941532
6117                   22.2444686941532
648                    22.3476236032955
327                    22.3641044974612
320                    22.5187549745135
315                    22.5416605946345
1050                   22.5416605946345
706                    22.6156218614935
1360                   22.6156218614935
527                    22.6673897960712
5869                   22.6673897960712
15682                  22.6827465745213
159                    22.9155629908453
1076                   22.9155629908453
328                    23.0595074173915
1229                   23.0595074173915
227                    23.0639924228618
1110                   23.0639924228618
347                    23.0738382192886
1114                   23.0738382192886
140                    23.089276096435
940                    23.089276096435
357                    23.1797109353695
856                    23.1797109353695
1769                   23.2337272764339
4437                   23.2337272764339
144                    23.2459361021548
981                    23.2459361021548
620                    23.309614252849
1366                   23.309614252849
406                    23.4072904580978
967                    23.4072904580978
186                    23.4168983628384
876                    23.4168983628384
195                    23.4430344781964
1319                   23.4430344781964
363                    23.4924172465622
1217                   23.4924172465622
2054                   23.7184227907688
682                    23.7407541095044
1303                   23.7407541095044
5728                   23.9383559624806
4107                   24.5504749625234
6136                   24.5504749625234
179                    24.5940949358397
927                    24.5940949358397
469                    24.6250223612651
5806                   24.6250223612651
475                    24.9443979461331
6095                   24.9443979461331
564                    25.2401367746863
1295                   25.2401367746863
292                    25.3562805851781
1026                   25.3562805851781
537                    25.3719789270459
540                    25.4246727677107
4434                   25.4246727677107
454                    25.427529700895
941                    25.427529700895
609                    25.4413517121552
1257                   25.4413517121552
123                    25.5450835827089
1005                   25.5450835827089
340                    25.8360108798664
2909                   25.9911060164882
152                    26.2129305473842
1171                   26.2129305473842
425                    26.2939273046802
868                    26.2939273046802
184                    26.5983021356659
900                    26.5983021356659
51                     26.6195222920512
1002                   26.6195222920512
4433                   26.8700804619778
264                    26.9295240027463
1238                   26.9295240027463
182                    27.108738369069
973                    27.108738369069
309                    27.2478595537408
934                    27.2478595537408
99                     27.3224043715847
1159                   27.3224043715847
4432                   27.4714726490185
142                    27.4810471775294
890                    27.4810471775294
107                    27.552496954933
1169                   27.552496954933
353                    27.6375992543389
972                    27.6375992543389
652                    27.7050981580813
582                    27.775044160699
5604                   27.775044160699
7                      27.972126425709
1016                   27.972126425709
427                    28.190517381197
1031                   28.190517381197
608                    28.3233231398314
1301                   28.3233231398314
24                     28.369316833785
1056                   28.369316833785
481                    28.5822906207267
929                    28.5822906207267
4714                   28.6749056454042
5870                   28.6749056454042
2825                   28.7967468608568
568                    29.0249587258425
1261                   29.0249587258425
228                    29.2214836216843
5689                   29.2214836216843
318                    29.2655434228496
1078                   29.2655434228496
681                    29.3222247688955
2680                   29.3222247688955
160                    29.4195489983984
1052                   29.4195489983984
490                    29.5489217560063
14854                  29.5489217560063
325                    29.675150753075
359                    29.7535713653154
942                    29.7535713653154
4174                   29.7626624433853
6702                   29.7626624433853
6701                   29.8911498016775
399                    30.1694176926834
448                    30.2278689570328
1001                   30.2278689570328
423                    30.7889630240038
970                    30.7889630240038
433                    30.9179494365425
918                    30.9179494365425
576                    30.9840946256706
1351                   30.9840946256706
644                    31.249123003957
5593                   31.249123003957
213                    31.2928666934275
1058                   31.2928666934275
1543                   31.4906621042216
4922                   31.4906621042216
331                    31.6840951588723
1191                   31.6840951588723
245                    31.7558988854646
1161                   31.7558988854646
384                    32.0521782299688
1069                   32.0521782299688
283                    32.771478740646
1316                   32.771478740646
421                    33.1583466042878
1291                   33.1583466042878
105                    33.4813238247035
1209                   33.4813238247035
222                    34.0008157554171
848                    34.0008157554171
162                    34.1977670174877
1038                   34.1977670174877
221                    34.9409364193134
1195                   34.9409364193134
41                     35.2283272025678
975                    35.2283272025678
96                     35.2896292999301
874                    35.2896292999301
4600                   35.4225548964189
605                    35.9752837735921
2661                   35.9752837735921
414                    36.5829343081129
987                    36.5829343081129
252                    36.6390742131377
928                    36.6390742131377
747                    37.08472304145
332                    37.8575360851548
434                    38.3596681424546
935                    38.3596681424546
5525                   38.9428955247554
5729                   38.9428955247554
719                    39.4868162494123
815                    39.5746449787457
6127                   39.5746449787457
1963                   41.1676763224182
335                    41.6047073420625
1003                   41.6047073420625
143                    43.2920277210935
1298                   43.2920277210935
760                    43.4539955351785
664                    43.6226936519548
566                    43.8692628164495
397                    44.9127849956669
991                    44.9127849956669
73                     45.1151446338554
859                    45.1151446338554
287                    45.1529054088657
946                    45.1529054088657
204                    46.556870560887
1317                   46.556870560887
649                    46.7671336825156
1309                   46.7671336825156
4435                   47.579726805913
224                    48.9789514969277
963                    48.9789514969277
695                    50.1896766972319
1340                   50.1896766972319
122                    50.9301686217009
844                    50.9301686217009
402                    52.1969770432363
1345                   52.1969770432363
449                    55.8401757835087
1137                   55.8401757835087
420                    56.4425564859522
1140                   56.4425564859522
356                    57.4402714285714
1173                   57.4402714285714
13                     57.8538521133841
1084                   57.8538521133841
441                    60.1497517022318
1241                   60.1497517022318
45                     62.0463297393413
899                    62.0463297393413
150                    62.2036288251609
1283                   62.2036288251609
177                    62.4432283088041
1102                   62.4432283088041
297                    64.5774097558611
979                    64.5774097558611
40                     65.6709241172052
1133                   65.6709241172052
50                     66.5847586668063
1149                   66.5847586668063
253                    67.7997889734444
863                    67.7997889734444
439                    77.1296456149475
850                    77.1296456149475
542                    81.5157798201719
1290                   81.5157798201719
752                    83.2926598689986
2190                   83.2926598689986
1568                   84.2331587279152
276                    100.848695992999
847                    100.848695992999
668                    114.178816466552
88                     119.866049239538
862                    119.866049239538
47                     125.890922934222
1119                   125.890922934222
98                     143.252702807809
1352                   143.252702807809
2039                   157.378709056483
6                      229.99551740482
1180                   229.99551740482
307                    240.172730402846
1207                   240.172730402846
324                    269.110289319121
1116                   269.110289319121
60                     433.276197374519
866                    433.276197374519
398                    434.202508301017
1126                   434.202508301017
385                    438.457804327736
1113                   438.457804327736
640                    543.866505402923
1267                   543.866505402923
238                    2187.15515338777
872                    2187.15515338777
